
Sudoku is size: 4 x 4
Full Sudoku:
0  0  0  0  
0  0  0  3  
0  0  1  0  
0  0  0  0  
Satisfiable !
[23, 28, 33, 34, 41, 42, 47, 52, 56, 59, 62]
Solved sudoku: 
2  3  0  0  
1  1  2  0  
3  2  1  0  
0  0  0  0  
Time taken: 181MS

Process finished with exit code 0

--------------------------
Sudoku is size: 9 x 9
Full Sudoku:
5  4  0  2  0  9  0  0  1  
0  0  0  5  0  0  0  0  4  
0  0  7  0  0  0  9  0  0  
8  0  0  0  3  0  0  6  7  
0  0  0  6  0  5  0  0  0  
9  3  0  0  1  0  0  0  2  
0  0  1  0  0  0  6  0  0  
2  0  0  0  0  6  0  0  0  
3  0  0  1  0  7  0  4  9  
Satisfiable !
[96, 104, 112, 120, 133, 145, 153, 161, 164, 178, 189, 199, 204, 215, 218, 229, 237, 248, 254, 264, 278, 288, 293, 301, 316, 321, 331, 342, 344, 357, 370, 373, 381, 392, 403, 413, 419, 431, 435, 448, 459, 465, 470, 487, 490, 505, 508, 520, 530, 533, 545, 555, 567, 570, 584, 595, 596, 608, 615, 630, 637, 643, 654, 660, 672, 680, 688, 703, 709, 719, 722]
Solved sudoku: 
5  4  3  2  6  0  8  7  0  
6  8  0  5  7  1  3  2  0  
1  2  7  8  4  3  0  5  0  
8  1  5  0  3  2  4  6  0  
4  7  2  6  8  5  1  0  0  
3  3  6  7  1  4  5  8  0  
7  0  1  4  2  8  6  3  0  
2  5  4  3  0  6  7  1  0  
0  0  0  0  0  0  0  0  0  
Time taken: 415MS

Process finished with exit code 0

---------------------------


Sudoku is size: 16 x 16
Full Sudoku:
0  0  0  0  0  0  0  0  0  0  0  0  0  8  0  0  
0  0  0  0  0  0  0  0  0  2  0  0  0  0  0  0  
0  15  0  0  0  12  0  5  0  0  0  0  0  0  0  0  
5  7  3  0  11  0  0  0  0  0  0  0  0  0  0  0  
14  5  0  0  0  0  0  0  0  0  0  0  0  0  0  0  
12  0  0  0  0  0  0  0  0  0  0  0  0  16  0  0  
0  0  0  0  0  0  0  0  6  0  0  0  0  5  0  0  
0  0  0  0  0  0  0  0  0  0  0  2  0  0  0  0  
0  0  0  0  8  0  0  0  0  0  0  0  0  0  0  0  
0  0  5  0  0  0  0  2  0  0  0  0  0  0  0  0  
0  0  14  0  0  0  0  0  0  0  0  0  0  0  0  8  
0  0  0  0  0  0  0  0  0  0  0  0  0  0  9  16  
0  0  0  0  0  0  0  0  0  0  0  5  0  4  16  13  
0  0  0  0  0  0  0  0  13  0  15  0  0  0  7  0  
0  0  0  0  0  0  13  0  0  0  0  0  0  0  0  0  
0  0  16  0  0  0  0  0  0  0  0  0  0  0  0  0  
Satisfiable !
[283, 290, 309, 323, 340, 359, 384, 399, 413, 422, 440, 462, 481, 489, 508, 522, 545, 551, 572, 589, 602, 616, 626, 654, 667, 675, 692, 713, 725, 751, 768, 774, 794, 816, 825, 847, 851, 877, 897, 902, 917, 930, 956, 967, 980, 1000, 1022, 1035, 1046, 1064, 1076, 1102, 1116, 1125, 1147, 1161, 1184, 1194, 1215, 1233, 1239, 1251, 1266, 1293, 1311, 1318, 1344, 1346, 1374, 1387, 1397, 1415, 1432, 1452, 1473, 1485, 1497, 1514, 1524, 1539, 1565, 1572, 1598, 1607, 1618, 1635, 1654, 1676, 1690, 1711, 1721, 1739, 1760, 1777, 1781, 1800, 1813, 1836, 1843, 1873, 1880, 1897, 1914, 1933, 1943, 1956, 1982, 2000, 2002, 2022, 2043, 2063, 2072, 2091, 2106, 2121, 2143, 2160, 2164, 2193, 2194, 2213, 2230, 2243, 2270, 2284, 2301, 2311, 2327, 2346, 2354, 2379, 2393, 2404, 2428, 2437, 2465, 2478, 2483, 2511, 2520, 2541, 2550, 2576, 2590, 2609, 2614, 2632, 2656, 2658, 2679, 2691, 2713, 2731, 2749, 2762, 2780, 2788, 2815, 2821, 2836, 2853, 2879, 2892, 2907, 2929, 2941, 2954, 2966, 2992, 2994, 3016, 3027, 3054, 3063, 3081, 3097, 3107, 3133, 3152, 3158, 3182, 3199, 3208, 3220, 3239, 3253, 3276, 3291, 3298, 3322, 3345, 3360, 3375, 3384, 3396, 3415, 3436, 3449, 3458, 3475, 3501, 3515, 3526, 3546, 3557, 3585, 3598, 3612, 3625, 3639, 3654, 3677, 3690, 3699, 3716, 3742, 3761, 3776, 3781, 3807, 3819, 3832, 3842, 3859, 3885, 3899, 3909, 3937, 3951, 3966, 3984, 3996, 4008, 4026, 4034, 4054, 4071, 4089]
Solved sudoku: 
10  1  4  2  3  6  15  14  12  5  7  13  0  8  11  0  
9  6  11  12  9  7  1  13  10  2  3  8  4  14  15  0  
9  15  8  14  2  12  0  5  4  1  11  6  3  7  13  0  
5  7  3  13  11  4  10  8  15  9  14  0  6  2  1  0  
14  5  15  1  13  10  4  6  7  11  0  12  8  9  3  0  
12  3  13  6  1  2  5  11  9  14  8  10  15  0  4  0  
4  11  2  0  7  8  9  12  6  3  13  15  1  5  10  0  
7  10  9  8  14  15  3  0  1  4  5  2  13  11  12  0  
6  9  1  10  8  3  11  4  0  13  2  14  7  12  5  0  
13  0  5  7  15  1  6  2  8  10  12  9  11  3  14  0  
3  4  14  11  10  0  12  9  5  15  1  7  2  13  6  0  
8  2  12  15  5  13  14  7  3  6  4  11  10  1  9  0  
15  14  7  3  6  11  8  1  2  12  10  5  9  4  0  0  
11  8  6  5  12  9  2  3  13  0  15  4  14  10  7  0  
2  12  10  4  0  14  13  15  11  7  9  1  5  6  8  0  
0  0  0  0  0  0  0  0  0  0  0  0  0  0  0  0  
Time taken: 693MS

Process finished with exit code 0

-----------

(UNSOLVABLE)


Sudoku is size: 9 x 9
Full Sudoku:
5  4  0  2  0  9  0  0  1  
0  0  0  5  0  0  0  0  4  
0  0  7  0  0  0  9  0  0  
8  0  0  0  3  0  0  6  7  
0  0  0  6  0  5  0  0  0  
9  3  0  0  1  0  0  0  2  
0  0  1  0  0  5  6  0  0  
2  0  0  0  0  6  0  0  0  
3  0  0  1  0  7  0  4  9  
Unsatisfiable (trivial)!
Time taken: 259MS

Process finished with exit code 0
